EST	Max TemperatureF	Mean TemperatureF	Min TemperatureF	Max Dew PointF	MeanDew PointF	Min DewpointF	Max Humidity	 Mean Humidity	 Min Humidity	 Max Sea Level PressureIn	 Mean Sea Level PressureIn	 Min Sea Level PressureIn	 Max VisibilityMiles	 Mean VisibilityMiles	 Min VisibilityMiles	 Max Wind SpeedMPH	 Mean Wind SpeedMPH	 Max Gust SpeedMPH	PrecipitationIn	 CloudCover	 Events	 WindDirDegrees	#
1958-1-1	45	38	28	42	31	10	97	73	42				10	7	3	20	10		0	0	Fog-Rain	285	#
1958-1-2	30	26	21	17	11	2	68	53	41				15	14	10	20	14		0	0		287	#
1958-1-3	28	24	19	14	8	2	65	54	37				15	15	15	17	11		0	0		297	#
1958-1-4	23	18	12	10	2	-3	62	52	42				15	15	15	23	13		0	0		340	#
1958-1-5	33	24	14	19	10	1	71	57	48				15	14	10	20	11		0	0		303	#
1958-1-6	42	28	15	25	15	3	75	58	32				15	10	3	17	8		0	0		214	#
1958-1-7	35	30	26	32	25	18	100	83	57				10	5	0	20	7		0		Fog-Snow	40	#
1958-1-8	32	24	17	32	17	6	100	67	51				15	14	7	23	19		0	0		318	#
1958-1-9	30	18	7	11	6	1	77	61	36				15	15	10	17	13		0	0		334	#
1958-1-10	37	23	9	28	14	1	75	67	54				15	9	2	14	8		0	0		245	#
1958-1-11	37	26	16	30	18	6	89	62	41				15	13	8	23	12		0	0		296	#
1958-1-12	30	21	12	15	6	0	68	56	43				15	14	10	23	11		0	0		1	#
1958-1-13	33	20	7	24	12	-7	84	67	48				10	6	2	8	4		0	0		68	#
1958-1-14	37	34	30	37	32	19	100	89	59				10	4	1	31	16		0		Fog-Rain	63	#
1958-1-15	39	37	35	36	34	31	100	88	82				10	8	1	23	15		0		Fog-Rain	357	#
1958-1-16	34	32	30	31	27	23	89	80	69				15	7	3	23	14		0		Fog-Rain-Snow	332	#
1958-1-17	35	32	30	29	25	18	82	73	59				15	10	4	23	16		0		Snow	307	#
1958-1-18	30	24	18	23	18	7	92	76	56				15	8	2	29	15		0		Snow	328	#
1958-1-19	28	20	12	13	5	0	62	53	37				15	15	15	29	21		0	0		337	#
1958-1-20	41	30	18	18	8	0	63	45	31				15	11	2	12	8		0	0		296	#
1958-1-21	46	33	21	45	28	17	93	82	63				8	6	3	12	6		0	0	Fog-Rain	115	#
1958-1-22	57	47	37	55	42	27	100	86	65				15	7	2	23	15		0		Fog-Rain	238	#
1958-1-23	44	38	30	29	25	21	70	62	50				15	14	10	23	16		0	0		321	#
1958-1-24	35	29	24	32	22	15	89	71	50				15	9	5	17	10		0	0		36	#
1958-1-25	39	38	36	40	37	34	100	94	93				6	3	2	29	21		0		Fog-Rain	46	#
1958-1-26	41	38	35	39	35	32	100	88	82				10	7	3	20	15		0		Fog	326	#
1958-1-27	45	38	32	35	30	27	89	76	60				10	9	7	18	13		0	0		300	#
1958-1-28	42	38	35	31	29	27	82	74	62				10	7	5	21	14		0			295	#
1958-1-29	42	38	32	29	27	25	79	67	53				15	10	6	15	11		0	0		287	#
1958-1-30	41	34	25	34	27	21	89	75	53				10	7	4	16	7		0	0		286	#
1958-1-31	45	34	24	30	25	20	88	72	49				10	8	3	17	7		0	0		299	#
1958-2-1	35	31	27	29	23	16	100	75	56				15	6	0	21	14		0	0	Fog-Snow	35	#
1958-2-2	34	28	19	27	19	13	88	65	48				15	12	8	23	14		0		Snow	326	#
1958-2-3	30	26	23	18	13	4	71	58	39				15	12	0	23	12		0		Snow	299	#
1958-2-4	33	28	24	22	18	10	84	64	47				15	11	1	25	17		0		Snow	292	#
1958-2-5	37	32	28	26	19	11	73	57	41				15	10	7	17	12		0			271	#
1958-2-6	39	34	30	32	27	22	82	75	67				10	6	4	8	5		0		Snow	353	#
1958-2-7	36	34	33	35	32	28	100	90	76				10	5	1	23	12		0		Fog-Rain-Snow	58	#
1958-2-8	34	26	17	29	16	5	82	64	46				15	13	8	34	20		0	0		316	#
1958-2-9	21	18	14	6	-2	-6	68	44	32				15	15	15	34	22		0	0		288	#
1958-2-10	19	16	10	2	-3	-7	64	45	34				15	15	15	23	16		0	0		291	#
1958-2-11	30	18	5	16	6	-5	73	59	43				15	11	8	17	8		0	0		226	#
1958-2-12	30	20	10	20	10	3	77	60	41				10	8	4	12	4		0	0	Snow	326	#
1958-2-13	24	19	14	9	2	-6	65	47	34				15	10	10	23	16		0	0		333	#
1958-2-14	27	20	12	11	1	-8	59	44	36				15	15	10	22	16		0	0		294	#
1958-2-15	33	24	15	27	17	8	100	75	49				10	5	0	25	9		0	0	Fog-Snow	85	#
1958-2-16	25	20	10	21	12	-5	89	74	51				10	4	0	31	26		0		Fog-Snow	326	#
1958-2-17	10	8	5	4	-4	-11	83	57	45				15	9	4	29	23		0			288	#
1958-2-18	17	12	6	8	-2	-12	74	55	40				15	12	10	23	17		0			283	#
1958-2-19	28	22	15	16	11	7	74	59	49				15	12	2	23	18		0			303	#
1958-2-20	32	26	21	22	15	11	75	63	47				15	15	15	21	16		0	0		336	#
1958-2-21	41	31	21	21	12	2	58	48	32				15	13	6	17	13		0	0		269	#
1958-2-22	44	39	32	32	25	15	70	59	46				15	9	5	26	11		0			261	#
1958-2-23	39	30	21	27	16	2	73	56	37				15	12	5	21	13		0	0		268	#
1958-2-24	53	38	24	41	30	20	92	73	47				10	6	1	12	7		0	0	Fog	183	#
1958-2-25	50	42	33	33	30	24	82	60	46				15	13	10	23	14		0	0		278	#
1958-2-26	45	36	28	31	25	20	85	67	38				10	8	5	16	8		0		Rain	58	#
1958-2-27	41	38	36	41	36	31	100	93	82				10	5	2	24	19		0		Fog-Rain	37	#
1958-2-28	50	44	37	43	38	31	100	84	67				10	6	2	23	10		0		Fog-Rain	293	#
1958-3-1	46	44	39	38	33	28	71	65	58				10	10	8	26	14		0			286	#
1958-3-2	53	40	28	35	30	22	79	61	37				10	9	4	15	10		0	0		247	#
1958-3-3	48	44	39	47	39	33	97	88	77				10	6	2	14	7		0		Fog-Rain	132	#
1958-3-4	45	38	30	32	27	20	82	64	49				15	10	8	18	14		0	0		327	#
1958-3-5	45	38	30	31	26	21	82	62	44				10	10	7	21	11		0	0		311	#
1958-3-6	48	37	26	33	26	18	88	63	44				10	7	3	17	8		0	0	Fog	275	#
1958-3-7	48	42	34	28	22	14	68	47	31				15	13	10	25	17		0	0		323	#
1958-3-8	45	38	30	24	19	13	56	49	42				15	14	10	23	15		0	0		332	#
1958-3-9	41	34	27	27	21	15	69	58	45				15	13	10	15	9		0	0		6	#
1958-3-10	53	43	33	34	27	23	85	59	40				15	12	2	17	12		0	0	Fog-Snow	355	#
1958-3-11	54	42	30	32	26	21	73	57	41				15	14	10	20	10		0	0		300	#
1958-3-12	44	39	33	29	23	15	70	54	46				15	14	10	23	17		0	0		309	#
1958-3-13	42	34	25	31	25	20	89	70	47				15	9	1	14	8		0	0	Fog-Rain-Snow	104	#
1958-3-14	39	36	32	35	31	26	96	84	65				15	5	0	25	19		0		Fog-Rain-Snow	11	#
1958-3-15	43	40	36	30	27	22	73	66	53				15	14	10	47	18		0	0		294	#
1958-3-16	42	38	33	26	22	19	64	56	45				15	15	15	23	15		0	0		277	#
1958-3-17	43	36	28	25	22	21	79	57	42				15	15	15	17	13		0	0		290	#
1958-3-18	45	36	28	31	25	20	82	62	42				15	10	5	17	10		0	0		54	#
1958-3-19	37	35	33	33	32	29	100	87	73				10	5	0	23	15		0		Fog-Rain-Snow	57	#
1958-3-20	34	33	32	33	32	29	100	96	88				1	1	0	25	22		0		Fog-Snow	8	#
1958-3-21	37	34	32	32	29	25	100	82	65				15	6	0	21	17		0		Fog-Snow	310	#
1958-3-22	43	38	32	30	27	23	73	65	49				15	15	15	23	17		0			315	#
1958-3-23	45	38	30	31	25	21	79	59	49				15	15	15	21	12		0	0		302	#
1958-3-24	52	41	30	36	28	18	73	62	37				15	12	10	12	8		0	0	Rain	33	#
1958-3-25	44	40	37	40	36	30	93	85	73				10	6	3	17	8		0		Fog-Rain	54	#
1958-3-26	42	40	39	42	39	38	100	94	89				5	4	2	25	19		0		Fog-Rain	63	#
1958-3-27	43	40	36	36	34	27	93	82	60				15	7	4	28	18		0	0	Fog-Rain-Snow	39	#
1958-3-28	53	44	35	31	25	20	73	49	31				15	15	15	17	12		0	0		35	#
1958-3-29	53	40	28	35	27	20	85	59	32				15	10	8	14	5		0	0		43	#
1958-3-30	54	42	30	37	29	20	92	58	35				15	10	4	14	8		0	0		191	#
1958-3-31	43	41	39	41	38	35	100	92	76				10	5	1	21	11		0		Fog-Rain	69	#
1958-4-1	52	46	39	38	33	26	93	64	43				15	11	7	24	18		0	0	Rain	360	#
1958-4-2	57	47	37	33	29	26	68	52	33				15	15	15	24	16		0	0		329	#
1958-4-3	57	46	35	36	32	28	82	61	40				15	14	10	17	11		0	0		354	#
1958-4-4	60	45	30	37	32	26	89	62	28				15	8	4	14	7		0	0	Fog	90	#
1958-4-5	61	48	36	45	34	25	83	60	31				10	8	3	14	7		0	0		202	#
1958-4-6	55	50	45	54	47	32	100	87	58				10	6	0	17	10		0		Fog-Rain	167	#
1958-4-7	59	51	43	52	44	31	97	76	51				15	9	3	21	12		0		Fog-Rain-Thunderstorm	303	#
1958-4-8	50	44	37	33	27	21	76	54	34				15	15	15	23	16		0	0		288	#
1958-4-9	51	40	30	30	24	14	82	53	36				15	14	2	26	14		0	0	Snow	305	#
1958-4-10	54	44	34	35	28	20	82	56	26				15	10	8	15	7		0	0		51	#
1958-4-11	42	40	37	38	36	33	97	88	76				10	6	3	29	18		0		Fog-Rain	27	#
1958-4-12	46	42	37	37	35	33	93	76	66				10	7	2	15	11		0		Fog-Rain	302	#
1958-4-13	64	52	39	35	32	25	71	52	24				15	14	10	20	14		0	0		307	#
1958-4-14	68	51	34	46	36	26	83	54	24				15	12	10	20	10		0	0		282	#
1958-4-15	73	56	39	44	39	32	80	54	22				10	8	5	16	5		0	0		160	#
1958-4-16	69	56	44	53	44	37	86	70	47				8	6	2	16	8		0		Fog	69	#
1958-4-17	71	55	39	41	38	33	86	56	26				10	7	3	14	8		0	0	Fog	56	#
1958-4-18	75	58	41	52	44	36	86	62	39				10	7	3	13	6		0	0		58	#
1958-4-19	79	64	48	49	43	33	72	49	22				10	10	6	14	7		0	0		154	#
1958-4-20	82	68	55	59	53	45	83	62	42				10	6	3	18	8		0		Fog-Rain	181	#
1958-4-21	77	70	62	58	54	47	84	60	43				10	9	5	25	13		0	0		193	#
1958-4-22	68	62	57	60	58	55	93	83	66				10	7	3	17	11		0		Fog-Rain	157	#
1958-4-23	75	65	55	61	54	40	93	74	51				10	7	1	23	14		0	0	Fog-Rain	358	#
1958-4-24	73	60	46	59	49	43	86	65	36				10	8	4	18	7		0	0		218	#
1958-4-25	64	59	54	56	42	37	83	54	36				15	13	8	20	13		0	0		302	#
1958-4-26	60	48	37	41	34	30	82	52	33				15	14	10	17	8		0	0		349	#
1958-4-27	50	48	46	45	41	39	93	77	68				10	7	4	18	10		0		Fog-Rain	81	#
1958-4-28	63	54	46	61	54	45	100	93	90				10	3	0	15	11		0		Fog-Rain	149	#
1958-4-29	75	65	55	65	60	55	100	87	67				10	5	0	20	10		0		Fog-Rain	171	#
1958-4-30	62	54	46	60	37	26	93	55	30				15	12	7	18	12		0	0	Rain	345	#
1958-5-1	62	53	44	52	42	33	93	67	49				10	7	4	12	8		0		Fog-Rain	197	#
1958-5-2	72	62	53	52	50	47	93	71	41				10	6	2	12	7		0	0	Fog	292	#
1958-5-3	62	56	50	60	53	48	100	93	83				7	3	0	14	8		0		Fog-Rain	176	#
1958-5-4	64	60	57	62	59	54	100	94	87				10	2	0	14	7		0		Fog-Rain-Thunderstorm	65	#
1958-5-5	59	54	46	53	48	45	96	85	74				10	6	2	17	13		0		Fog-Rain	32	#
1958-5-6	46	45	44	45	44	41	100	95	86				10	5	2	21	15		0		Fog-Rain	60	#
1958-5-7	48	46	44	47	44	42	100	93	80				10	4	1	21	17		0		Fog-Rain	58	#
1958-5-8	64	55	46	47	45	42	93	80	45				15	9	2	18	10		0	0	Fog-Rain	322	#
1958-5-9	69	56	43	49	44	39	86	62	37				15	11	2	23	10		0	0	Fog	246	#
1958-5-10	66	52	37	46	35	28	77	50	27				15	14	10	17	10		0	0		252	#
1958-5-11	73	62	50	64	55	44	93	79	62				10	6	2	16	7		0		Rain-Thunderstorm	199	#
1958-5-12	73	66	59	63	51	39	90	60	31				15	12	4	20	11		0	0	Rain	323	#
1958-5-13	70	60	50	43	37	26	61	44	26				15	15	15	23	14		0	0		347	#
1958-5-14	69	54	39	43	38	33	83	54	32				15	13	7	14	7		0	0		5	#
1958-5-15	60	55	50	51	47	43	86	77	60				15	10	7	17	12		0		Rain	88	#
1958-5-16	73	60	48	55	50	47	100	78	49				10	7	2	16	9		0	0	Fog-Rain	38	#
1958-5-17	75	62	48	58	51	47	93	73	48				10	6	2	15	9		0		Fog	181	#
1958-5-18	82	70	57	66	58	50	84	69	54				10	10	8	16	10		0			201	#
1958-5-19	79	72	66	70	63	58	87	74	61				10	7	4	16	10		0		Rain	223	#
1958-5-20	70	64	59	62	58	54	93	82	59				10	7	1	13	8		0		Fog-Rain	181	#
1958-5-21	71	64	57	59	43	31	93	53	23				15	13	6	20	11		0	0	Fog	275	#
1958-5-22	75	58	41	53	43	31	85	49	24				15	13	10	17	10		0	0		206	#
1958-5-23	70	62	52	61	51	39	93	68	32				15	11	8	21	9		0		Rain	334	#
1958-5-24	75	59	43	49	44	37	86	59	28				15	13	10	17	8		0	0		74	#
1958-5-25	73	64	55	68	60	51	93	88	81				10	4	1	14	8		0		Fog-Rain	185	#
1958-5-26	69	61	51	64	49	40	93	63	35				15	11	4	16	9		0	0	Fog	15	#
1958-5-27	70	58	45	57	47	39	86	66	45				15	10	6	21	9		0	0		45	#
1958-5-28	75	64	52	62	56	48	100	83	53				10	5	0	12	6		0	0	Fog-Rain	210	#
1958-5-29	69	62	54	55	45	40	86	58	35				15	14	10	23	13		0	0		297	#
1958-5-30	79	62	45	59	46	31	64	51	36				15	12	10	17	10		0	0		258	#
1958-5-31	86	72	57	62	57	50	77	59	33				10	9	5	17	8		0			205	#
1958-6-1	84	75	66	65	61	57	78	65	49				10	10	10	23	13		0	0		200	#
1958-6-2	77	70	62	70	62	52	90	75	60				15	9	2	20	11		0		Fog-Rain	280	#
1958-6-3	72	66	55	52	50	44	72	60	46				15	10	6	15	10		0	0		59	#
1958-6-4	75	62	48	57	46	42	86	59	31				15	14	10	14	7		0	0		47	#
1958-6-5	75	60	46	58	50	43	86	65	42				15	9	4	17	6		0	0		200	#
1958-6-6	72	66	57	57	47	35	78	54	35				15	13	7	21	11		0	0		327	#
1958-6-7	73	56	39	44	37	30	77	48	25				15	15	15	17	10		0	0		79	#
1958-6-8	78	64	50	61	53	44	93	65	48				15	10	6	21	11		0	0		199	#
1958-6-9	82	76	69	74	67	62	90	74	60				10	8	1	17	11		0		Rain	249	#
1958-6-10	71	66	61	65	62	60	100	89	76				10	4	0	17	9		0		Fog-Rain	79	#
1958-6-11	88	74	59	71	64	57	100	88	54				6	2	0	14	8		0	0	Fog-Rain-Thunderstorm	153	#
1958-6-12	82	73	64	68	64	61	96	75	50				10	6	1	14	7		0	0	Fog	300	#
1958-6-13	84	73	62	74	67	60	96	79	60				10	5	2	14	4		0		Fog	205	#
1958-6-14	78	66	54	69	50	35	82	52	25				15	14	8	23	13		0	0		303	#
1958-6-15	68	57	46	49	42	35	90	58	34				15	15	15	17	8		0	0		289	#
1958-6-16	75	64	52	53	41	34	84	46	25				15	15	15	23	14		0	0		283	#
1958-6-17	71	60	48	51	46	39	90	56	32				15	15	15	21	12		0	0		288	#
1958-6-18	72	58	44	57	50	42	93	76	41				15	7	4	14	4		0	0	Rain	56	#
1958-6-19	73	65	57	58	52	49	90	69	42				10	7	3	12	10		0		Fog	28	#
1958-6-20	62	60	57	58	56	55	93	88	78				10	5	1	14	8		0		Fog-Rain	83	#
1958-6-21	66	62	59	62	59	56	93	89	73				10	4	1	12	4		0		Fog-Rain	29	#
1958-6-22	73	64	54	56	51	44	93	68	35				15	11	3	17	9		0		Fog-Rain	332	#
1958-6-23	73	62	52	55	50	44	86	63	46				15	10	5	14	7		0	0		104	#
1958-6-24	78	64	51	61	56	49	97	72	50				10	7	2	13	3		0	0	Fog	177	#
1958-6-25	82	70	57	68	61	54	90	71	54				10	9	5	17	9		0	0	Fog	182	#
1958-6-26	89	79	69	70	68	63	100	81	51				10	7	2	21	11		0		Fog-Rain-Thunderstorm	205	#
1958-6-27	78	70	61	61	54	51	90	61	39				15	13	7	21	11		0	0		283	#
1958-6-28	78	68	57	53	49	44	72	53	30				15	15	10	13	8		0	0		311	#
1958-6-29	84	70	55	63	54	49	90	61	29				15	12	4	9	4		0	0		327	#
1958-6-30	86	72	57	65	60	55	90	64	41				15	9	5	16	6		0	0		254	#
1958-7-1	90	79	68	70	66	62	84	61	45				10	6	4	17	9		0	0		257	#
1958-7-2	90	81	72	70	66	60	87	59	38				10	7	4	18	10		0	0		252	#
1958-7-3	91	80	70	71	66	62	81	61	48				10	8	4	17	10		0	0		285	#
1958-7-4	90	80	69	68	66	61	87	66	45				10	8	6	15	5		0	0		93	#
1958-7-5	86	78	68	71	68	63	96	77	59				10	6	2	17	8		0		Fog-Rain	91	#
1958-7-6	84	74	64	73	68	63	96	86	63				7	3	0	15	8		0		Fog-Rain-Thunderstorm	73	#
1958-7-7	87	78	69	73	71	68	100	80	59				10	6	1	16	6		0		Fog	190	#
1958-7-8	89	81	73	75	72	68	91	77	57				10	8	5	21	11		0		Fog-Rain-Thunderstorm	231	#
1958-7-9	75	70	63	72	64	58	97	79	55				10	8	5	14	7		0		Fog-Rain	298	#
1958-7-10	84	70	57	72	61	55	93	72	42				10	8	5	15	4		0	0		212	#
1958-7-11	86	79	72	74	71	67	94	83	63				10	6	2	17	10		0		Fog-Rain-Thunderstorm	205	#
1958-7-12	84	76	69	73	70	68	97	86	65				10	6	2	15	11		0	0	Fog-Rain-Thunderstorm	219	#
1958-7-13	84	77	70	69	66	61	97	74	49				15	8	3	12	7		0		Fog-Rain	119	#
1958-7-14	77	73	69	72	69	65	100	90	81				7	5	1	14	7		0		Fog-Rain-Thunderstorm	112	#
1958-7-15	88	79	70	74	72	67	97	77	57				10	7	2	17	8		0		Fog	224	#
1958-7-16	87	81	75	75	70	62	90	70	56				15	11	8	16	11		0	0		266	#
1958-7-17	77	70	61	63	57	48	93	61	40				15	13	10	17	10		0	0		328	#
1958-7-18	79	70	60	63	57	51	84	66	39				15	10	5	14	6		0		Rain	176	#
1958-7-19	82	76	69	68	62	55	90	66	42				15	10	3	25	11		0		Fog	262	#
1958-7-20	80	72	64	62	55	49	84	59	35				15	15	15	17	11		0	0		323	#
1958-7-21	75	70	64	61	55	51	73	60	46				15	12	10	10	7		0		Rain	78	#
1958-7-22	73	68	64	70	65	61	100	87	73				10	6	0	12	8		0		Fog-Rain	91	#
1958-7-23	84	76	68	73	69	67	100	85	69				10	5	0	13	7		0		Fog-Rain	308	#
1958-7-24	86	78	71	71	68	65	100	79	51				10	5	1	9	6		0		Fog-Rain-Thunderstorm	288	#
1958-7-25	87	78	70	70	68	66	97	77	49				10	5	1	12	5		0		Fog	303	#
1958-7-26	90	78	66	73	68	64	93	73	50				7	5	3	13	4		0		Fog	221	#
1958-7-27	82	76	71	74	71	70	96	84	71				10	6	2	12	5		0		Fog-Rain-Thunderstorm	114	#
1958-7-28	84	78	71	75	73	70	97	87	72				7	4	1	10	8		0		Fog-Rain	56	#
1958-7-29	84	78	72	71	67	61	91	72	46				15	10	2	20	8		0	0	Fog-Rain	284	#
1958-7-30	88	77	66	68	64	59	81	64	48				15	10	6	16	8		0	0		248	#
1958-7-31	91	82	72	75	71	68	97	77	52				8	5	2	12	7		0		Fog-Rain	201	#
1958-8-1	82	74	64	70	65	59	97	76	49				10	6	3	14	8		0		Fog-Rain	43	#
1958-8-2	84	72	59	64	59	55	90	65	41				10	8	6	13	5		0	0		187	#
1958-8-3	82	73	64	65	61	57	81	68	47				10	7	3	10	5		0		Rain	204	#
1958-8-4	86	75	64	65	60	50	81	62	38				10	8	5	12	8		0	0	Rain	320	#
1958-8-5	84	75	66	62	59	54	81	58	36				15	10	7	12	10		0	0		59	#
1958-8-6	84	74	63	69	63	60	96	71	44				15	6	2	12	6		0	0	Fog	196	#
1958-8-7	90	80	71	72	69	65	97	70	50				6	4	2	12	9		0	0	Fog	208	#
1958-8-8	84	80	73	75	69	63	96	70	53				10	6	2	16	11		0	0	Fog	258	#
1958-8-9	80	72	64	64	57	51	81	61	40				15	13	10	16	9		0	0		312	#
1958-8-10	88	74	61	71	63	56	84	67	48				15	12	8	16	9		0	0		252	#
1958-8-11	82	77	71	70	68	66	96	75	56				10	6	3	13	7		0		Fog	206	#
1958-8-12	80	74	68	74	70	67	100	92	71				6	3	0	15	6		0	0	Fog-Rain-Thunderstorm	98	#
1958-8-13	81	74	68	74	71	67	100	90	79				7	4	2	17	10		0		Fog-Rain-Thunderstorm	221	#
1958-8-14	82	76	71	74	71	69	97	86	71				6	4	1	10	5		0	0	Fog-Rain-Thunderstorm	211	#
1958-8-15	89	80	71	72	71	68	97	77	55				10	7	2	16	9		0	0	Fog-Rain-Thunderstorm	264	#
1958-8-16	79	72	64	68	64	58	93	81	60				10	8	5	14	10		0	0	Fog-Rain-Thunderstorm	47	#
1958-8-17	75	70	64	69	65	62	97	89	81				10	6	1	13	6		0	0	Fog-Rain-Thunderstorm	151	#
1958-8-18	73	64	55	61	55	48	96	71	41				15	12	6	20	8		0	0	Fog	301	#
1958-8-19	77	64	50	56	51	48	93	67	40				15	15	15	13	7		0	0		283	#
1958-8-20	81	67	53	63	58	51	93	71	45				15	9	3	12	5		0	0	Fog	228	#
1958-8-21	86	76	66	70	68	62	97	76	55				10	6	0	20	9		0	0	Fog	207	#
1958-8-22	80	72	63	74	64	56	100	78	43				10	6	0	12	6		0	0	Fog-Rain-Thunderstorm	321	#
1958-8-23	79	68	57	60	56	52	93	69	44				10	10	10	12	6		0	0		37	#
1958-8-24	73	68	64	70	65	59	93	88	81				15	7	2	17	4		0		Fog-Rain	86	#
1958-8-25	75	70	66	73	69	66	100	97	90				7	3	1	12	6		0		Fog-Rain-Thunderstorm	196	#
1958-8-26	73	68	63	66	61	57	100	81	57				10	8	0	15	6		0		Fog	16	#
1958-8-27	75	67	59	59	55	50	90	68	48				15	11	10	14	9		0			36	#
1958-8-28	70	66	61	63	59	56	93	82	68				10	6	1	17	10		0			37	#
1958-8-29	84	74	64	65	60	55	90	67	37				15	11	5	16	11		0	0		335	#
1958-8-30	87	72	57	68	62	55	90	71	44				10	6	2	14	6		0	0	Fog	218	#
1958-8-31	88	80	71	72	69	66	91	76	51				10	7	2	15	9		0	0	Fog	204	#
1958-9-1	75	69	63	69	58	49	90	68	40				15	13	7	18	8		0	0	Rain	293	#
1958-9-2	72	62	52	55	49	44	93	65	46				15	15	15	17	9		0	0		328	#
1958-9-3	77	62	46	58	52	45	93	72	48				15	10	6	12	5		0	0		167	#
1958-9-4	80	66	52	65	58	50	93	74	50				10	8	3	14	6		0	0	Fog	191	#
1958-9-5	84	74	63	70	65	59	90	76	57				8	6	2	9	5		0	0	Fog	192	#
1958-9-6	84	74	64	71	67	62	97	79	59				10	5	0	12	5		0	0	Fog	238	#
1958-9-7	84	76	69	69	66	54	90	73	55				10	7	3	17	11		0	0		239	#
1958-9-8	70	62	55	61	54	50	83	68	51				15	14	10	21	14		0	0		300	#
1958-9-9	73	62	52	51	47	44	80	60	35				15	15	15	12	9		0	0		285	#
1958-9-10	75	68	60	60	55	49	80	67	56				15	10	5	17	12		0	0	Rain	237	#
1958-9-11	69	58	48	49	45	41	86	63	40				15	15	15	23	10		0	0		314	#
1958-9-12	71	56	42	46	41	32	86	60	31				15	15	10	12	7		0	0		303	#
1958-9-13	75	58	41	53	46	39	93	67	33				15	8	4	12	5		0	0	Fog	276	#
1958-9-14	82	66	50	59	53	48	96	66	40				10	8	4	12	6		0	0	Fog	230	#
1958-9-15	84	70	55	66	60	50	93	73	40				10	7	1	17	9		0	0	Fog	206	#
1958-9-16	88	76	64	70	66	62	97	74	51				10	6	1	13	9		0	0	Fog	210	#
1958-9-17	80	72	63	75	68	60	100	89	79				10	4	1	17	9		0		Fog	89	#
1958-9-18	77	70	62	70	61	56	100	80	56				15	8	0	16	9		0		Fog-Rain-Thunderstorm	285	#
1958-9-19	66	60	55	56	52	48	86	70	60				15	14	10	16	11		0	0		340	#
1958-9-20	68	60	52	58	54	50	93	79	63				10	7	4	8	4		0		Fog	328	#
1958-9-21	64	62	61	62	60	58	96	91	84				10	4	1	16	7		0		Fog-Rain	174	#
1958-9-22	77	67	57	63	55	46	100	73	35				15	9	3	14	8		0	0	Fog	296	#
1958-9-23	78	62	46	56	47	41	93	66	27				15	10	7	7	4		0	0		345	#
1958-9-24	75	60	46	58	51	46	100	74	40				10	7	1	9	5		0	0	Fog	173	#
1958-9-25	81	68	55	68	62	55	100	80	58				10	6	1	14	7		0	0	Fog	208	#
1958-9-26	88	78	68	76	69	63	84	74	55				10	6	3	12	7		0	0		241	#
1958-9-27	78	66	54	71	62	50	97	88	78				10	5	2	23	9		0		Fog-Rain	34	#
1958-9-28	68	61	54	53	47	38	90	66	39				15	13	8	23	15		0	0	Rain	357	#
1958-9-29	66	52	39	47	39	25	86	62	38				15	14	10	13	9		0	0		325	#
1958-9-30	64	54	43	57	49	39	93	79	65				10	8	3	15	6		0	0	Rain	164	#
1958-10-1	66	58	50	64	55	46	93	90	86				10	6	2	17	10		0		Fog-Rain	273	#
1958-10-2	60	51	42	43	37	28	86	62	32				15	11	10	17	9		0	0		35	#
1958-10-3	61	56	50	48	46	43	80	71	62				10	9	6	14	8		0		Rain	64	#
1958-10-4	66	57	48	52	49	45	97	77	56				10	7	5	8	4		0	0	Fog	296	#
1958-10-5	70	58	44	54	46	26	100	71	47				15	8	2	23	11		0	0	Fog	278	#
1958-10-6	57	44	30	33	27	22	85	54	29				15	14	10	17	10		0	0		54	#
1958-10-7	68	50	33	49	39	20	96	70	37				15	13	10	9	4		0	0		58	#
1958-10-8	70	57	44	60	52	42	100	85	68				10	5	0	9	5		0	0	Fog	20	#
1958-10-9	78	66	55	61	58	53	100	81	52				10	4	0	10	7		0	0	Fog	322	#
1958-10-10	84	69	54	71	60	52	96	75	49				10	4	0	21	7		0	0	Fog	242	#
1958-10-11	63	58	52	37	31	24	57	38	27				15	15	15	25	20		0	0		284	#
1958-10-12	57	50	43	44	34	28	80	56	32				15	15	15	21	12		0	0		304	#
1958-10-13	55	46	36	42	38	32	93	75	55				15	11	5	10	5		0	0	Rain	343	#
1958-10-14	54	44	35	47	40	33	93	81	69				10	7	3	10	7		0	0	Fog-Rain	76	#
1958-10-15	75	64	53	57	54	48	90	74	48				8	5	3	10	7		0	0	Fog-Rain	203	#
1958-10-16	81	64	46	59	52	45	96	69	35				10	5	0	14	4		0	0	Fog	225	#
1958-10-17	80	68	57	57	54	51	90	64	39				10	7	4	16	9		0	0	Fog	245	#
1958-10-18	64	54	42	57	39	30	76	57	29				15	13	10	17	10		0	0		328	#
1958-10-19	60	48	35	37	33	24	89	61	25				15	14	10	12	8		0	0		23	#
1958-10-20	64	52	39	44	37	30	83	61	29				15	10	10	18	11		0	0		47	#
1958-10-21	57	48	39	49	42	32	85	73	57				15	11	8	21	17		0	0		58	#
1958-10-22	60	56	53	59	53	47	100	91	80				10	7	2	23	18		0		Fog-Rain	69	#
1958-10-23	66	62	59	65	61	57	100	94	90				6	2	0	15	9		0		Fog-Rain	19	#
1958-10-24	72	62	53	60	54	45	93	78	38				15	8	2	16	8		0	0	Fog	296	#
1958-10-25	57	52	46	53	49	42	93	88	83				10	6	2	22	13		0		Fog-Rain	59	#
1958-10-26	46	42	39	43	38	33	93	84	76				15	9	7	17	14		0		Rain	332	#
1958-10-27	50	44	39	40	37	35	86	75	66				15	12	10	14	9		0		Rain	276	#
1958-10-28	50	46	43	41	40	35	86	79	66				15	9	3	17	9		0	0	Fog-Rain	304	#
1958-10-29	55	50	45	41	36	32	80	62	47				15	15	15	23	15		0	0		309	#
1958-10-30	57	50	42	38	35	28	76	57	45				15	15	10	21	14		0	0		295	#
1958-10-31	66	52	39	40	36	33	85	56	30				15	12	7	23	10		0	0		262	#
1958-11-1	60	50	39	42	34	28	93	55	36				15	13	10	15	10		0	0		318	#
1958-11-2	46	44	41	43	36	27	93	79	55				15	8	3	22	13		0		Fog-Rain	42	#
1958-11-3	50	42	34	39	35	29	100	79	51				15	9	2	23	15		0	0	Fog-Rain	312	#
1958-11-4	61	46	30	42	35	27	85	65	45				15	11	6	14	5		0	0		248	#
1958-11-5	64	48	33	52	41	32	97	78	46				10	5	0	13	5		0	0	Fog	183	#
1958-11-6	60	50	39	52	40	29	100	73	43				15	7	0	23	6		0	0	Fog	290	#
1958-11-7	52	44	34	36	29	23	73	56	35				15	14	10	24	10		0	0		307	#
1958-11-8	53	40	27	36	28	21	82	61	30				15	12	8	13	7		0	0		206	#
1958-11-9	60	52	43	43	36	24	93	63	25				15	9	3	20	6		0		Fog-Rain	256	#
1958-11-10	51	46	42	39	36	32	86	70	54				15	11	7	18	10		0	0		295	#
1958-11-11	55	47	39	36	33	28	83	61	40				15	15	10	18	12		0	0		277	#
1958-11-12	60	48	37	39	34	24	86	60	25				15	10	7	16	9		0	0		276	#
1958-11-13	57	48	39	44	39	35	93	73	45				8	6	3	10	4		0		Fog-Rain	72	#
1958-11-14	64	54	43	50	44	39	100	80	43				10	3	0	9	5		0		Fog	228	#
1958-11-15	62	52	42	59	50	40	93	88	72				10	3	1	9	5		0		Fog-Rain	209	#
1958-11-16	59	55	50	57	50	41	100	85	68				15	4	0	17	9		0		Fog	53	#
1958-11-17	53	50	48	52	47	42	100	88	80				15	6	0	9	7		0		Fog-Rain	76	#
1958-11-18	60	56	51	60	56	49	100	95	92				10	3	0	12	6		0		Fog	222	#
1958-11-19	61	54	46	60	46	32	97	73	42				15	9	1	23	12		0	0	Fog-Rain	260	#
1958-11-20	60	48	35	36	30	25	73	51	32				15	14	7	21	10		0	0		254	#
1958-11-21	50	44	39	40	28	20	80	52	34				15	15	10	21	12		0	0		277	#
1958-11-22	48	40	30	31	26	22	82	59	41				15	14	10	17	10		0	0		292	#
1958-11-23	54	38	21	36	27	15	88	69	43				15	12	6	15	4		0	0		192	#
1958-11-24	64	50	35	52	39	24	100	73	48				15	7	0	25	8		0	0	Fog	243	#
1958-11-25	46	37	28	26	22	16	79	59	33				15	13	10	20	9		0	0		43	#
1958-11-26	55	46	36	53	40	15	93	80	34				15	8	1	23	8		0	0	Fog-Rain	315	#
1958-11-27	37	32	27	21	15	11	66	48	37				15	15	15	23	13		0	0		294	#
1958-11-28	60	42	25	58	30	14	93	75	54				15	8	2	29	6		0		Fog-Rain	40	#
1958-11-29	39	34	30	36	19	9	86	55	35				15	14	10	23	18		0	0	Rain-Snow	279	#
1958-11-30	27	22	16	11	2	-6	65	45	29				15	15	10	29	20		0	0		288	#
1958-12-1	36	28	19	20	12	6	82	55	37				15	12	8	16	8		0	0		221	#
1958-12-2	39	32	24	25	19	14	78	57	36				15	12	8	17	10		0			307	#
1958-12-3	36	30	23	36	27	19	100	82	69				10	4	0	12	5		0		Fog-Rain-Snow	54	#
1958-12-4	46	42	37	42	39	36	100	93	85				7	4	0	21	10		0		Fog-Rain	324	#
1958-12-5	55	46	35	49	39	20	100	82	53				15	8	0	29	10		0	0	Fog	213	#
1958-12-6	34	28	21	23	12	0	64	50	30				15	15	15	25	15		0	0		282	#
1958-12-7	28	23	18	8	5	0	52	46	34				15	15	15	21	14		0	0		288	#
1958-12-8	30	24	19	21	13	9	92	58	45				15	9	2	14	10		0		Snow	276	#
1958-12-9	30	24	19	22	13	2	88	63	42				15	10	2	21	9		0	0	Fog-Snow	294	#
1958-12-10	24	19	12	7	2	-2	70	49	39				15	15	10	17	12		0	0		296	#
1958-12-11	21	16	10	13	5	-3	74	59	46				15	8	2	18	10		0	0		16	#
1958-12-12	32	24	15	18	7	-4	68	54	40				15	11	10	17	11		0	0		24	#
1958-12-13	30	22	14	15	10	1	74	60	41				15	11	5	18	9		0	0		287	#
1958-12-14	26	18	10	22	12	-2	84	67	53				15	6	1	10	6		0	0	Snow	18	#
1958-12-15	27	22	18	20	11	1	75	58	41				15	10	6	26	11		0	0		296	#
1958-12-16	28	22	17	10	5	1	65	49	37				15	14	10	23	14		0	0		275	#
1958-12-17	41	31	21	25	16	5	74	54	39				15	10	7	18	8		0			224	#
1958-12-18	39	32	24	22	17	11	66	56	38				15	14	10	15	11		0	0		307	#
1958-12-19	46	31	16	30	22	11	89	67	46				8	6	2	16	7		0	0	Fog	205	#
1958-12-20	37	26	16	32	10	-11	89	50	24				15	12	4	25	11		0	0	Rain	332	#
1958-12-21	28	19	10	10	1	-14	80	46	27				15	15	10	20	10		0	0	Snow	300	#
1958-12-22	28	17	6	15	3	-7	70	51	31				15	11	3	16	7		0	0		230	#
1958-12-23	51	40	28	44	31	19	86	71	52				10	6	3	15	11		0	0		245	#
1958-12-24	41	34	27	32	25	13	79	64	43				15	10	6	20	12		0			341	#
1958-12-25	25	20	14	12	3	-4	63	49	32				15	15	15	20	14		0	0		322	#
1958-12-26	35	24	14	16	8	1	75	57	42				15	12	6	12	9		0	0		290	#
1958-12-27	37	22	8	21	12	1	83	66	41				15	6	2	12	5		0	0	Fog	202	#
1958-12-28	48	37	26	31	23	17	78	59	37				15	8	4	16	6		0		Rain	52	#
1958-12-29	41	39	37	37	32	28	93	76	67				10	6	2	22	17		0		Fog-Rain	42	#
1958-12-30	54	44	32	38	32	24	93	72	47				10	9	6	23	15		0	0	Fog	352	#
1958-12-31	36	28	19	24	15	5	81	60	28				15	15	15	18	11		0	0		1	#
